{
  "GEN2"	: [101.996,2.59951],
  "GEN3"	: [95.0452,3.06937],
  "GEN4"	: [92.5358,3.17807]


}

	
