{
  "GEN2He3"	: [-1.11715,1.05552,-0.899881,0.83825,-3.65566,-1.71686,-0.626171,0.717401],
  "GEN3He3"	: [-0.824966,0.774629,-0.665006,0.614669,-2.09702,-0.947877,-0.784907,0.415927],
  "GEN4He3"	: [-0.616165,0.786507,-0.454318,0.62466,-1.60915,-0.658889,-0.506699,0.258436],
  "GEN2H2"	: [-0.207054,0.719333,-3.32457,-2.13795],
  "GEN3H2"	: [-0.243128,0.375589,-1.87123,-1.19398],
  "GEN4H2"	: [-0.302151,0.48409,-1.44476,-0.778097],
  "GEN2He3sim"	: [-1.4441,1.83469,-1.4441,1.83469,-4.06459,-1.1334,-1.31732,1.3616],
  "GEN3He3sim"	: [-0.622113,1.02601,-0.622113,1.02601,-2.25095,-0.691011,-0.817558,0.809468],
  "GEN4He3sim"     : [-0.581171,0.683337,-0.581171,0.683337,-1.66618,-0.49874,-0.618222,0.608933],
  "GEN2H2sim"      : [-0.182371,0.332256,-2.94473,-2.1651],
  "GEN3H2sim"      : [-0.117177,0.164561,-1.6912,-1.29394],
  "GEN4H2sim"      : [-0.098497,0.132744,-1.25557,-0.93214]


}
